1	1	0	220	2	3	2	7	800	0	0.250	0	500	600	1000	1800	1208	2457	-1	9397978	9398478	9398578	9398978	9399778	9400645	9400652
1	2	0	-220	2	7	2	7	800	0	0.250	0	500	600	1000	1800	1164	2950	-1	9401061	9401561	9401661	9402061	9402861	9404220	9404224
1	4	0	220	8	3	2	7	800	0	0.250	0	500	600	1000	1800	1199	2518	1	9406853	9407353	9407453	9407853	9408653	9409578	9409582
1	5	-156	156	8	4	2	7	800	0	0.250	0	500	600	1000	1800	1190	2897	-1	9409987	9410487	9410587	9410987	9411787	9413087	9413090
1	6	-156	156	1	4	2	7	800	0	0.250	0	500	600	1000	1800	1170	2627	1	9413537	9414037	9414137	9414537	9415337	9416371	9416374
1	7	156	-156	1	8	2	7	800	0	0.250	0	500	600	1000	1800	1172	2529	-1	9416771	9417271	9417371	9417771	9418571	9419504	9419508
1	8	156	156	3	2	2	7	800	0	-0.250	0	500	600	1000	1800	1193	2516	1	9419904	9420404	9420504	9420904	9421704	9422630	9422633
1	9	-220	0	6	5	2	7	800	0	-0.250	0	500	600	1000	1800	1175	2630	-1	9423038	9423538	9423638	9424038	9424838	9425880	9425882
1	11	156	-156	4	8	2	7	800	0	0.250	0	500	600	1000	1800	1247	3340	1	9428488	9428988	9429088	9429488	9430288	9432039	9432043
1	12	-220	0	3	5	2	7	800	0	-0.250	0	500	600	1000	1800	1214	2598	-1	9432447	9432947	9433047	9433447	9434247	9435256	9435260
1	13	156	-156	6	8	2	7	800	0	0.250	0	500	600	1000	1800	1177	3396	-1	9435681	9436181	9436281	9436681	9437481	9439281	9439285
1	14	156	-156	6	8	2	7	800	0	-0.250	0	500	600	1000	1800	1167	2508	1	9439681	9440181	9440281	9440681	9441481	9442398	9442400
1	15	0	-220	7	7	1	7	800	0	-0.250	0	500	600	1000	1800	1167	2264	1	9442798	9443298	9443398	9443798	9444598	9445273	9445278
1	16	-156	-156	1	6	2	7	800	0	0.250	0	500	600	1000	1800	1204	2548	1	9445681	9446181	9446281	9446681	9447481	9448440	9448444
1	17	-156	156	7	4	2	7	800	0	0.250	0	500	600	1000	1800	1190	2429	1	9448848	9449348	9449448	9449848	9450648	9451482	9451484
1	18	220	0	5	1	3	7	800	0	-0.250	0	500	600	1000	1800	1187	2284	-1	9451882	9452382	9452482	9452882	9453682	9454374	9454377
1	19	-156	156	6	4	3	7	800	0	-0.250	0	500	600	1000	1800	1186	2504	1	9454774	9455274	9455374	9455774	9456574	9457483	9457486
1	20	-156	-156	4	6	2	7	800	0	-0.250	0	500	600	1000	1800	1250	2392	-1	9457982	9458482	9458582	9458982	9459782	9460583	9460586
1	21	-220	0	5	5	1	7	800	0	-0.250	0	500	600	1000	1800	1178	2472	-1	9460982	9461482	9461582	9461982	9462782	9463658	9463660
1	22	0	220	2	3	2	7	800	0	0.250	0	500	600	1000	1800	1172	2733	-1	9464057	9464557	9464658	9465058	9465858	9467000	9467003
1	23	-156	156	7	4	2	7	800	0	-0.250	0	500	600	1000	1800	1209	2519	1	9467400	9467900	9468000	9468400	9469200	9470125	9470128
1	24	156	156	2	2	1	7	800	0	-0.250	0	500	600	1000	1800	1190	2554	1	9470708	9471208	9471308	9471708	9472508	9473467	9473470
1	25	0	-220	8	7	3	7	800	0	-0.250	0	500	600	1000	1800	1177	2580	1	9473858	9474359	9474458	9474858	9475659	9476650	9476652
1	26	220	0	6	1	2	7	800	0	-0.250	0	500	600	1000	1800	1172	2316	-1	9477067	9477567	9477667	9478067	9478867	9479592	9479597
2	1	156	-156	3	8	2	4	800	0	-0.250	0	500	600	1000	1800	1168	2779	-1	9484876	9485376	9485476	9485876	9486676	9487860	9487862
2	3	-156	-156	1	6	2	4	800	0	-0.250	0	500	600	1000	1800	1229	2890	1	9490501	9491001	9491101	9491501	9492301	9493602	9493605
2	4	-220	0	1	5	3	4	800	0	-0.250	0	500	600	1000	1800	1210	2838	-1	9494010	9494510	9494610	9495010	9495810	9497052	9497057
2	5	-156	-156	2	6	3	4	800	0	0.250	0	500	600	1000	1800	1242	2724	-1	9497460	9497960	9498060	9498460	9499260	9500394	9500397
2	6	156	156	4	2	3	4	800	0	-0.250	0	500	600	1000	1800	1171	2438	1	9500802	9501302	9501402	9501802	9502602	9503444	9503449
2	7	-156	156	6	4	3	4	800	0	0.250	0	500	600	1000	1800	1167	2572	-1	9503852	9504352	9504452	9504852	9505652	9506636	9506641
2	8	0	220	1	3	3	4	800	0	0.250	0	500	600	1000	1800	1171	2588	1	9507044	9507544	9507644	9508044	9508844	9509837	9509840
2	9	156	-156	7	8	2	4	800	0	-0.250	0	500	600	1000	1800	1178	2212	-1	9510244	9510744	9510845	9511245	9512045	9512662	9512667
2	10	0	220	7	3	3	4	800	0	-0.250	0	500	600	1000	1800	1175	2363	-1	9513070	9513570	9513670	9514070	9514870	9515637	9515641
2	11	-156	156	2	4	3	4	800	0	0.250	0	500	600	1000	1800	1180	2420	1	9516045	9516545	9516645	9517045	9517845	9518671	9518675
2	12	-220	0	4	5	2	4	800	0	0.250	0	500	600	1000	1800	1193	2443	1	9519078	9519578	9519679	9520078	9520879	9521729	9521734
2	13	-220	0	3	5	3	4	800	0	0.250	0	500	600	1000	1800	1216	2440	-1	9522137	9522637	9522737	9523137	9523937	9524788	9524793
2	14	0	-220	8	7	3	4	800	0	-0.250	0	500	600	1000	1800	1230	2670	1	9525196	9525696	9525796	9526196	9526996	9528071	9528074
2	15	-156	-156	3	6	3	4	800	0	0.250	0	500	600	1000	1800	1181	2330	-1	9528479	9528979	9529079	9529479	9530279	9531021	9531026
2	16	-156	156	6	4	2	4	800	0	-0.250	0	500	600	1000	1800	1174	2732	-1	9531429	9531930	9532029	9532430	9533230	9534372	9534377
2	17	156	156	1	2	3	4	800	0	0.250	0	500	600	1000	1800	1168	3494	1	9534780	9535280	9535380	9535780	9536580	9538480	9538485
2	18	-156	-156	5	6	2	4	800	0	-0.250	0	500	600	1000	1800	1192	2586	-1	9538888	9539388	9539489	9539888	9540688	9541680	9541683
2	19	-156	-156	2	6	2	4	800	0	-0.250	0	500	600	1000	1800	1190	3169	1	9542105	9542605	9542705	9543105	9543905	9545481	9545484
2	20	-156	156	4	4	1	4	800	0	-0.250	0	500	600	1000	1800	1154	2258	-1	9545880	9546380	9546481	9546881	9547681	9548348	9548351
2	21	-156	156	4	4	1	4	800	0	-0.250	0	500	600	1000	1800	1188	2303	-1	9548756	9549256	9549356	9549756	9550556	9551265	9551268
2	22	0	220	3	3	1	4	800	0	0.250	0	500	600	1000	1800	1201	2489	1	9551690	9552189	9552289	9552689	9553489	9554390	9554393
2	23	0	220	1	3	2	4	800	0	-0.250	0	500	600	1000	1800	1180	3821	1	9554798	9555298	9555398	9555798	9556598	9558824	9558827
2	24	-220	0	2	5	2	4	800	0	-0.250	0	500	600	1000	1800	1236	2420	-1	9559415	9559915	9560015	9560415	9561215	9562040	9562043
2	25	156	-156	6	8	3	4	800	0	-0.250	0	500	600	1000	1800	1209	2419	-1	9562440	9562940	9563040	9563440	9564240	9565066	9565069
3	1	156	-156	7	8	2	7	800	0	-0.250	0	500	600	1000	1800	1184	2813	1	9569991	9570491	9570591	9570991	9571791	9573008	9573011
3	2	156	-156	5	8	2	7	800	0	-0.250	0	500	600	1000	1800	1203	2428	1	9573616	9574116	9574216	9574616	9575416	9576250	9576253
3	3	-220	0	6	5	2	7	800	0	0.250	0	500	600	1000	1800	1204	2330	-1	9576658	9577158	9577258	9577658	9578458	9579200	9579203
3	4	0	220	5	3	3	7	800	0	0.250	0	500	600	1000	1800	1169	2476	1	9579600	9580100	9580200	9580600	9581400	9582284	9582287
3	5	0	-220	5	7	2	7	800	0	-0.250	0	500	600	1000	1800	1176	2561	-1	9582683	9583183	9583283	9583684	9584484	9585451	9585453
3	6	-156	-156	6	6	1	7	800	0	0.250	0	500	600	1000	1800	1195	2482	1	9585850	9586350	9586450	9586850	9587650	9588542	9588544
3	7	-156	156	7	4	2	7	800	0	0.250	0	500	600	1000	1800	1189	2423	1	9588934	9589434	9589534	9589934	9590734	9591568	9591570
3	8	156	-156	2	8	2	7	800	0	-0.250	0	500	600	1000	1800	1158	2557	-1	9591967	9592467	9592568	9592967	9593767	9594734	9594736
3	9	-156	-156	4	6	2	7	800	0	-0.250	0	500	600	1000	1800	1250	2613	1	9595168	9595668	9595768	9596168	9596968	9597985	9597988
3	10	0	220	2	3	2	7	800	0	0.250	0	500	600	1000	1800	1180	2788	1	9598385	9598885	9598985	9599385	9600185	9601377	9601380
3	11	-220	0	6	5	2	7	800	0	-0.250	0	500	600	1000	1800	1222	2617	1	9601868	9602368	9602468	9602868	9603668	9604694	9604695
3	12	0	220	3	3	1	7	800	0	0.250	0	500	600	1000	1800	1176	2272	-1	9605085	9605585	9605685	9606085	9606885	9607569	9607570
3	13	0	-220	7	7	1	7	800	0	0.250	0	500	600	1000	1800	1169	2253	1	9607960	9608460	9608560	9608960	9609760	9610419	9610421
3	14	220	0	7	1	2	7	800	0	0.250	0	500	600	1000	1800	1172	2651	1	9610810	9611310	9611411	9611810	9612611	9613669	9613671
3	15	156	156	8	2	3	7	800	0	0.250	0	500	600	1000	1800	1168	2849	1	9614061	9614561	9614661	9615061	9615861	9617120	9617122
3	16	-220	0	4	5	2	7	800	0	0.250	0	500	600	1000	1800	1244	2646	1	9617528	9618028	9618130	9618528	9619328	9620378	9620380
3	17	-220	0	3	5	2	7	800	0	-0.250	0	500	600	1000	1800	1185	2980	1	9620778	9621278	9621378	9621778	9622578	9623970	9623973
3	18	156	-156	4	8	2	7	800	0	0.250	0	500	600	1000	1800	1198	2468	-1	9624370	9624870	9624970	9625370	9626170	9627045	9627048
3	20	-220	0	1	5	2	7	800	0	-0.250	0	500	600	1000	1800	1183	3161	1	9629662	9630162	9630262	9630662	9631462	9633029	9633031
3	21	156	-156	4	8	2	7	800	0	-0.250	0	500	600	1000	1800	1217	2418	-1	9633421	9633921	9634021	9634421	9635221	9636046	9636048
3	22	156	-156	1	8	2	7	800	0	-0.250	0	500	600	1000	1800	1157	3081	1	9636437	9636937	9637038	9637437	9638237	9639730	9639731
3	23	-220	0	8	5	2	7	800	0	-0.250	0	500	600	1000	1800	1148	2798	1	9640121	9640621	9640721	9641121	9641921	9643130	9643132
3	24	0	220	4	3	2	7	800	0	-0.250	0	500	600	1000	1800	1181	2798	-1	9643530	9644030	9644130	9644530	9645330	9646539	9646540
3	25	-156	156	8	4	3	7	800	0	-0.250	0	500	600	1000	1800	1206	2669	1	9646946	9647447	9647547	9647947	9648747	9649822	9649824
4	1	-156	-156	3	6	3	2	800	0	0.250	0	500	600	1000	1800	1247	3148	1	9655772	9656272	9656372	9656772	9657572	9659131	9659134
4	2	156	-156	1	8	2	2	800	0	0.250	0	500	600	1000	1800	1178	2788	1	9659548	9660048	9660148	9660548	9661348	9662539	9662541
4	3	0	-220	5	7	3	2	800	0	0.250	0	500	600	1000	1800	1103	2308	1	9662948	9663448	9663548	9663948	9664748	9665465	9665466
4	4	-156	156	4	4	1	2	800	0	-0.250	0	500	600	1000	1800	1187	2895	-1	9665881	9666382	9666481	9666882	9667682	9668982	9668983
4	5	156	-156	4	8	3	2	800	0	-0.250	0	500	600	1000	1800	1230	2386	1	9669398	9669898	9669998	9670398	9671198	9671990	9671992
4	6	-156	156	7	4	2	2	800	0	0.250	0	500	600	1000	1800	1169	2410	1	9672399	9672899	9672998	9673399	9674199	9675016	9675017
4	7	156	156	6	2	3	2	800	0	0.250	0	500	600	1000	1800	1185	2530	1	9675607	9676107	9676207	9676607	9677407	9678341	9678343
4	8	-220	0	6	5	3	2	800	0	-0.250	0	500	600	1000	1800	1198	2219	-1	9678782	9679282	9679383	9679782	9680582	9681208	9681209
4	10	-156	156	6	4	2	2	800	0	-0.250	0	500	600	1000	1800	1193	3082	-1	9683991	9684491	9684591	9684991	9685791	9687283	9687286
4	11	220	0	3	1	3	2	800	0	0.250	0	500	600	1000	1800	1159	2693	1	9687716	9688216	9688316	9688717	9689517	9690617	9690619
4	12	0	-220	7	7	1	2	800	0	0.250	0	500	600	1000	1800	1161	2297	1	9691025	9691525	9691625	9692025	9692825	9693525	9693527
4	13	220	0	4	1	3	2	800	0	-0.250	0	500	600	1000	1800	1175	2524	1	9693934	9694434	9694534	9694934	9695734	9696667	9696669
4	14	0	220	8	3	3	2	800	0	0.250	0	500	600	1000	1800	1184	3054	1	9697075	9697575	9697675	9698075	9698876	9700334	9700337
4	16	156	-156	2	8	3	2	800	0	0.250	0	500	600	1000	1800	1200	2493	-1	9703518	9704018	9704118	9704518	9705318	9706218	9706220
4	17	-156	156	8	4	3	2	800	0	-0.250	0	500	600	1000	1800	1199	2464	1	9706643	9707143	9707243	9707643	9708443	9709319	9709321
4	18	-156	156	2	4	3	2	800	0	-0.250	0	500	600	1000	1800	1183	2860	1	9709735	9710235	9710335	9710735	9711535	9712802	9712804
4	19	220	0	1	1	1	2	800	0	0.250	0	500	600	1000	1800	1208	2409	-1	9713210	9713710	9713810	9714210	9715010	9715827	9715830
4	20	0	-220	5	7	3	2	800	0	0.250	0	500	600	1000	1800	1210	2220	1	9716327	9716827	9716927	9717327	9718127	9718752	9718755
4	21	0	220	6	3	3	2	800	0	0.250	0	500	600	1000	1800	1165	2699	1	9719152	9719652	9719752	9720152	9720952	9722061	9722064
4	23	0	220	4	3	3	2	800	0	0.250	0	500	600	1000	1800	1156	2271	1	9725044	9725544	9725644	9726044	9726844	9727520	9727522
4	24	-156	156	5	4	3	2	800	0	0.250	0	500	600	1000	1800	1179	2339	1	9727936	9728436	9728536	9728936	9729736	9730487	9730488
4	25	0	-220	8	7	3	2	800	0	0.250	0	500	600	1000	1800	1213	2749	-1	9730895	9731395	9731495	9731895	9732695	9733854	9733856
4	26	-220	0	2	5	3	2	800	0	0.250	0	500	600	1000	1800	1191	3238	1	9734262	9734762	9734862	9735262	9736062	9737704	9737706
4	27	-156	-156	5	6	3	2	800	0	0.250	0	500	600	1000	1800	1156	2556	1	9738112	9738612	9738712	9739112	9739912	9740879	9740882
5	1	156	156	5	2	3	2	800	0	0.250	0	500	600	1000	1800	1205	2317	1	9746288	9746788	9746888	9747288	9748088	9748813	9748815
5	2	-156	-156	4	6	3	2	800	0	-0.250	0	500	600	1000	1800	1174	2575	1	9749221	9749721	9749821	9750221	9751021	9752005	9752007
5	3	-156	-156	7	6	2	2	800	0	-0.250	0	500	600	1000	1800	1229	2511	1	9752421	9752921	9753021	9753421	9754221	9755139	9755141
5	4	-156	-156	5	6	3	2	800	0	0.250	0	500	600	1000	1800	1197	2234	1	9755547	9756047	9756146	9756547	9757347	9757989	9757991
5	6	220	0	2	1	2	2	800	0	0.250	0	500	600	1000	1800	1181	2244	-1	9760689	9761189	9761289	9761689	9762489	9763139	9763142
5	7	0	-220	6	7	3	2	800	0	-0.250	0	500	600	1000	1800	1174	2226	-1	9763556	9764056	9764155	9764556	9765356	9765989	9765991
5	8	156	-156	2	8	3	2	800	0	0.250	0	500	600	1000	1800	1178	2552	-1	9766397	9766897	9766998	9767397	9768197	9769156	9769158
5	9	-220	0	6	5	3	2	800	0	0.250	0	500	600	1000	1800	1099	2457	1	9769564	9770064	9770164	9770564	9771364	9772232	9772234
5	10	0	-220	3	7	3	2	800	0	-0.250	0	500	600	1000	1800	1160	2499	1	9772723	9773223	9773323	9773723	9774523	9775432	9775433
5	11	220	0	5	1	3	2	800	0	-0.250	0	500	600	1000	1800	1192	2214	-1	9775840	9776340	9776440	9776840	9777640	9778265	9778268
5	12	-220	0	1	5	3	2	800	0	0.250	0	500	600	1000	1800	1244	2444	1	9778698	9779198	9779298	9779698	9780499	9781349	9781351
5	14	220	0	5	1	3	2	800	0	0.250	0	500	600	1000	1800	1186	2734	1	9784440	9784940	9785041	9785440	9786240	9787383	9787384
5	15	220	0	2	1	3	2	800	0	0.250	0	500	600	1000	1800	1173	2415	-1	9787799	9788299	9788399	9788799	9789599	9790425	9790427
5	16	156	-156	8	8	1	2	800	0	0.250	0	500	600	1000	1800	1176	2166	1	9790841	9791341	9791441	9791841	9792641	9793216	9793218
5	17	-156	156	2	4	2	2	800	0	-0.250	0	500	600	1000	1800	1174	3286	-1	9793633	9794133	9794233	9794633	9795433	9797125	9797126
5	18	-156	156	4	4	1	2	800	0	-0.250	0	500	600	1000	1800	1171	2650	1	9797525	9798025	9798125	9798525	9799325	9800384	9800385
5	19	156	-156	7	8	3	2	800	0	0.250	0	500	600	1000	1800	1168	3143	-1	9800808	9801308	9801408	9801808	9802608	9804159	9804161
5	20	0	-220	7	7	1	2	800	0	0.250	0	500	600	1000	1800	1177	2288	1	9804575	9805075	9805175	9805575	9806375	9807067	9807070
5	21	-156	156	6	4	3	2	800	0	-0.250	0	500	600	1000	1800	1166	2780	1	9807484	9807984	9808084	9808484	9809284	9810468	9810470
5	22	-156	-156	5	6	3	2	800	0	-0.250	0	500	600	1000	1800	1181	2483	1	9810884	9811384	9811484	9811884	9812684	9813576	9813578
5	24	220	0	4	1	3	2	800	0	-0.250	0	500	600	1000	1800	1176	2765	1	9816835	9817335	9817435	9817835	9818635	9819810	9819812
5	25	156	156	6	2	3	2	800	0	0.250	0	500	600	1000	1800	1162	2726	-1	9820618	9821118	9821218	9821618	9822418	9823552	9823553
5	28	-220	0	1	5	3	2	800	0	-0.250	0	500	600	1000	1800	1224	3794	1	9828902	9829402	9829502	9829902	9830702	9832903	9832905
5	29	-220	0	2	5	3	2	800	0	0.250	0	500	600	1000	1800	1181	2746	1	9833319	9833819	9833919	9834319	9835119	9836270	9836272
6	1	0	-220	4	7	3	7	800	0	-0.250	0	500	600	1000	1800	1181	2426	1	9842103	9842603	9842703	9843103	9843903	9844737	9844738
6	2	-220	0	3	5	2	7	800	0	0.250	0	500	600	1000	1800	1178	2808	1	9845145	9845645	9845745	9846145	9846945	9848162	9848165
6	3	220	0	6	1	2	7	800	0	0.250	0	500	600	1000	1800	1166	2767	-1	9848570	9849070	9849170	9849570	9850371	9851546	9851548
6	4	220	0	1	1	1	7	800	0	0.250	0	500	600	1000	1800	1185	2768	1	9851946	9852446	9852546	9852946	9853746	9854921	9854923
6	5	-156	156	5	4	2	7	800	0	-0.250	0	500	600	1000	1800	1193	2753	1	9855313	9855813	9855913	9856313	9857113	9858272	9858274
6	6	-220	0	6	5	2	7	800	0	-0.250	0	500	600	1000	1800	1212	2435	-1	9858663	9859163	9859263	9859663	9860463	9861305	9861307
6	7	0	-220	7	7	1	7	800	0	-0.250	0	500	600	1000	1800	1198	2570	1	9861696	9862196	9862296	9862696	9863497	9864472	9864473
6	8	-156	-156	4	6	2	7	800	0	0.250	0	500	600	1000	1800	1217	3131	-1	9864872	9865372	9865472	9865872	9866672	9868214	9868216
6	9	220	0	6	1	2	7	800	0	0.250	0	500	600	1000	1800	1176	2645	-1	9868614	9869114	9869214	9869614	9870414	9871464	9871467
6	10	-220	0	3	5	2	7	800	0	0.250	0	500	600	1000	1800	1173	2667	1	9871864	9872364	9872464	9872864	9873664	9874740	9874742
6	11	-156	-156	4	6	2	7	800	0	0.250	0	500	600	1000	1800	1191	3527	-1	9875147	9875648	9875747	9876147	9876948	9878881	9878884
6	12	0	220	6	3	2	7	800	0	0.250	0	500	600	1000	1800	1169	2634	1	9879289	9879789	9879889	9880290	9881090	9882131	9882133
6	13	-156	156	4	4	1	7	800	0	0.250	0	500	600	1000	1800	1180	2751	1	9882540	9883040	9883140	9883540	9884340	9885499	9885501
6	14	-156	156	5	4	2	7	800	0	-0.250	0	500	600	1000	1800	1234	2337	-1	9885907	9886407	9886507	9886907	9887707	9888449	9888450
6	15	156	-156	6	8	2	7	800	0	-0.250	0	500	600	1000	1800	1209	2619	1	9888848	9889348	9889449	9889848	9890648	9891674	9891677
6	16	0	220	7	3	3	7	800	0	0.250	0	500	600	1000	1800	1190	2722	1	9892074	9892574	9892674	9893074	9893874	9895007	9895009
6	17	-156	-156	2	6	3	7	800	0	0.250	0	500	600	1000	1800	1243	2349	-1	9895407	9895907	9896007	9896407	9897207	9897966	9897969
6	18	0	220	1	3	2	7	800	0	0.250	0	500	600	1000	1800	1188	3886	-1	9898366	9898866	9898966	9899366	9900166	9902458	9902460
6	19	220	0	6	1	2	7	800	0	0.250	0	500	600	1000	1800	1241	2577	1	9902891	9903391	9903491	9903891	9904691	9905675	9905677
6	20	-156	-156	2	6	2	7	800	0	0.250	0	500	600	1000	1800	1246	2570	-1	9906075	9906575	9906675	9907075	9907875	9908850	9908853
6	21	220	0	2	1	2	7	800	0	-0.250	0	500	600	1000	1800	1216	2706	1	9909250	9909750	9909850	9910250	9911050	9912167	9912170
6	22	0	-220	1	7	2	7	800	0	-0.250	0	500	600	1000	1800	1173	2574	-1	9912559	9913059	9913159	9913559	9914359	9915343	9915345
6	23	156	156	5	2	2	7	800	0	0.250	0	500	600	1000	1800	1178	2751	1	9915734	9916234	9916334	9916734	9917534	9918693	9918695
6	24	-156	-156	1	6	2	7	800	0	0.250	0	500	600	1000	1800	1164	2392	-1	9919101	9919601	9919701	9920101	9920901	9921701	9921703
7	1	-156	156	8	4	2	2	800	0	-0.250	0	500	600	1000	1800	1167	2560	1	9927693	9928193	9928293	9928693	9929493	9930460	9930462
7	2	-220	0	3	5	3	2	800	0	-0.250	0	500	600	1000	1800	1214	2472	-1	9930902	9931402	9931502	9931902	9932702	9933586	9933588
7	3	-220	0	5	5	1	2	800	0	0.250	0	500	600	1000	1800	1207	2196	1	9934002	9934502	9934602	9935002	9935802	9936402	9936405
7	4	0	-220	8	7	3	2	800	0	0.250	0	500	600	1000	1800	1188	2315	-1	9936810	9937310	9937410	9937811	9938611	9939336	9939338
7	5	0	220	1	3	3	2	800	0	0.250	0	500	600	1000	1800	1211	2286	1	9939736	9940236	9940336	9940736	9941536	9942228	9942230
7	6	0	-220	1	7	3	2	800	0	-0.250	0	500	600	1000	1800	1236	2722	1	9942644	9943144	9943244	9943644	9944444	9945578	9945580
7	8	220	0	5	1	3	2	800	0	0.250	0	500	600	1000	1800	1179	2403	1	9948211	9948712	9948811	9949211	9950012	9950820	9950822
7	9	-156	156	4	4	1	2	800	0	0.250	0	500	600	1000	1800	1177	2522	1	9951237	9951737	9951837	9952237	9953037	9953970	9953973
7	10	0	-220	2	7	3	2	800	0	-0.250	0	500	600	1000	1800	1247	2412	-1	9954387	9954887	9954987	9955387	9956187	9957004	9957006
7	11	0	220	5	3	2	2	800	0	-0.250	0	500	600	1000	1800	1161	3059	-1	9957412	9957912	9958012	9958412	9959212	9960679	9960681
7	13	-156	-156	4	6	3	2	800	0	-0.250	0	500	600	1000	1800	1189	2515	1	9963412	9963912	9964013	9964413	9965213	9966138	9966140
7	14	0	220	6	3	3	2	800	0	-0.250	0	500	600	1000	1800	1188	2517	-1	9966555	9967055	9967154	9967555	9968355	9969280	9969282
7	16	-220	0	4	5	3	2	800	0	-0.250	0	500	600	1000	1800	1243	2606	1	9971930	9972430	9972530	9972930	9973730	9974747	9974749
7	17	-156	156	3	4	3	2	800	0	0.250	0	500	600	1000	1800	1186	2476	1	9975163	9975663	9975764	9976163	9976963	9977847	9977849
7	18	-220	0	8	5	3	2	800	0	-0.250	0	500	600	1000	1800	1219	2608	-1	9978264	9978764	9978864	9979264	9980064	9981081	9981083
7	19	0	-220	1	7	3	2	800	0	0.250	0	500	600	1000	1800	1177	2477	-1	9981531	9982031	9982130	9982531	9983331	9984214	9984217
7	20	156	156	2	2	1	2	800	0	-0.250	0	500	600	1000	1800	1172	2289	-1	9984631	9985131	9985231	9985631	9986431	9987131	9987134
7	21	156	156	7	2	2	2	800	0	0.250	0	500	600	1000	1800	1194	2597	1	9987539	9988039	9988139	9988539	9989339	9990348	9990351
7	22	-156	156	5	4	3	2	800	0	-0.250	0	500	600	1000	1800	1204	2780	1	9990765	9991265	9991365	9991765	9992565	9993748	9993750
7	23	0	220	2	3	3	2	800	0	-0.250	0	500	600	1000	1800	1180	2620	1	9994165	9994665	9994765	9995165	9995965	9996990	9996992
7	24	-156	-156	5	6	3	2	800	0	-0.250	0	500	600	1000	1800	1242	2435	-1	9997399	9997899	9997998	9998399	9999199	10000041	10000043
7	25	0	220	2	3	3	2	800	0	0.250	0	500	600	1000	1800	1179	2640	1	10000457	10000957	10001057	10001457	10002257	10003307	10003310
7	26	156	156	1	2	3	2	800	0	0.250	0	500	600	1000	1800	1173	2741	-1	10003724	10004224	10004324	10004724	10005524	10006674	10006677
7	27	156	156	4	2	3	2	800	0	-0.250	0	500	600	1000	1800	1268	2950	-1	10007091	10007591	10007691	10008091	10008891	10010250	10010252
8	1	-156	-156	3	6	3	4	800	0	-0.250	0	500	600	1000	1800	1236	2652	1	10016742	10017242	10017342	10017742	10018542	10019600	10019602
8	2	-220	0	6	5	3	4	800	0	0.250	0	500	600	1000	1800	1245	3161	-1	10020017	10020517	10020617	10021017	10021817	10023384	10023385
8	4	0	220	4	3	2	4	800	0	0.250	0	500	600	1000	1800	1165	2385	1	10026026	10026526	10026626	10027026	10027826	10028618	10028620
8	5	-156	156	1	4	3	4	800	0	-0.250	0	500	600	1000	1800	1185	2601	-1	10029017	10029517	10029618	10030017	10030818	10031827	10031829
8	7	156	156	5	2	2	4	800	0	-0.250	0	500	600	1000	1800	1185	2676	-1	10034735	10035235	10035335	10035735	10036535	10037618	10037620
8	8	-156	-156	8	6	2	4	800	0	-0.250	0	500	600	1000	1800	1228	2809	1	10038018	10038518	10038618	10039018	10039818	10041036	10041038
8	9	-156	156	8	4	3	4	800	0	-0.250	0	500	600	1000	1800	1182	2448	-1	10041635	10042135	10042235	10042635	10043435	10044294	10044297
8	10	0	-220	5	7	2	4	800	0	-0.250	0	500	600	1000	1800	1176	2845	1	10044702	10045202	10045302	10045702	10046502	10047753	10047754
8	11	220	0	7	1	2	4	800	0	-0.250	0	500	600	1000	1800	1232	2267	-1	10048152	10048652	10048752	10049153	10049953	10050628	10050630
8	12	0	-220	4	7	2	4	800	0	0.250	0	500	600	1000	1800	1171	2552	1	10051027	10051527	10051628	10052027	10052828	10053787	10053789
8	13	-156	156	3	4	3	4	800	0	-0.250	0	500	600	1000	1800	1192	2602	1	10054186	10054686	10054786	10055186	10055986	10056995	10056997
8	14	0	220	7	3	2	4	800	0	0.250	0	500	600	1000	1800	1164	2833	-1	10057403	10057903	10058003	10058403	10059203	10060445	10060447
8	15	0	220	1	3	2	4	800	0	0.250	0	500	600	1000	1800	1164	2711	1	10060853	10061353	10061453	10061853	10062653	10063771	10063773
8	16	-220	0	3	5	3	4	800	0	0.250	0	500	600	1000	1800	1184	2546	1	10064179	10064679	10064779	10065179	10065979	10066929	10066931
8	17	-156	-156	7	6	3	4	800	0	0.250	0	500	600	1000	1800	1230	2548	1	10067329	10067829	10067929	10068329	10069129	10070087	10070089
8	18	-220	0	5	5	1	4	800	0	0.250	0	500	600	1000	1800	1173	2397	-1	10070487	10070987	10071087	10071487	10072288	10073096	10073099
8	19	156	-156	8	8	1	4	800	0	-0.250	0	500	600	1000	1800	1172	2437	1	10073496	10073996	10074096	10074496	10075296	10076138	10076141
8	20	0	220	4	3	3	4	800	0	-0.250	0	500	600	1000	1800	1180	2475	-1	10076538	10077038	10077138	10077538	10078338	10079222	10079224
8	21	156	156	8	2	3	4	800	0	0.250	0	500	600	1000	1800	1161	2743	1	10079630	10080130	10080230	10080630	10081430	10082580	10082582
8	22	0	220	7	3	3	4	800	0	0.250	0	500	600	1000	1800	1187	2465	1	10082988	10083488	10083588	10083988	10084788	10085664	10085666
8	23	156	-156	6	8	2	4	800	0	0.250	0	500	600	1000	1800	1158	2276	-1	10086097	10086597	10086697	10087097	10087897	10088581	10088583
8	24	-220	0	5	5	1	4	800	0	-0.250	0	500	600	1000	1800	1205	2577	1	10088989	10089489	10089589	10089989	10090789	10091773	10091775
8	25	-220	0	4	5	3	4	800	0	0.250	0	500	600	1000	1800	1224	2249	1	10092181	10092681	10092781	10093181	10093981	10094640	10094642
8	26	-220	0	6	5	3	4	800	0	-0.250	0	500	600	1000	1800	1200	2598	-1	10095039	10095539	10095639	10096039	10096839	10097848	10097851
9	1	156	-156	4	8	3	7	800	0	0.250	0	500	600	1000	1800	1229	2816	-1	10104007	10104507	10104607	10105007	10105807	10107032	10107035
9	2	156	-156	5	8	2	7	800	0	-0.250	0	500	600	1000	1800	1191	2543	1	10107424	10107924	10108024	10108424	10109224	10110174	10110176
9	3	156	-156	3	8	2	7	800	0	-0.250	0	500	600	1000	1800	1170	2433	1	10110574	10111074	10111174	10111574	10112374	10113216	10113218
9	4	156	-156	8	8	1	7	800	0	-0.250	0	500	600	1000	1800	1165	2295	1	10113616	10114116	10114216	10114616	10115416	10116116	10116119
9	5	0	-220	8	7	2	7	800	0	0.250	0	500	600	1000	1800	1171	2675	1	10116508	10117008	10117108	10117507	10118308	10119391	10119393
9	6	156	156	6	2	2	7	800	0	-0.250	0	500	600	1000	1800	1184	2456	-1	10119791	10120291	10120391	10120791	10121591	10122458	10122462
9	7	-156	-156	3	6	2	7	800	0	-0.250	0	500	600	1000	1800	1183	2877	-1	10122866	10123366	10123467	10123866	10124666	10125950	10125954
9	8	-156	156	2	4	2	7	800	0	0.250	0	500	600	1000	1800	1178	2385	1	10126358	10126858	10126958	10127358	10128158	10128950	10128954
9	9	0	-220	8	7	2	7	800	0	-0.250	0	500	600	1000	1800	1198	2465	1	10129359	10129859	10129959	10130359	10131159	10132034	10132038
9	10	0	220	1	3	2	7	800	0	0.250	0	500	600	1000	1800	1170	2845	1	10132442	10132942	10133042	10133442	10134242	10135493	10135495
9	11	-156	-156	8	6	2	7	800	0	-0.250	0	500	600	1000	1800	1213	2715	-1	10135901	10136401	10136501	10136901	10137701	10138826	10138830
9	12	156	-156	2	8	3	7	800	0	0.250	0	500	600	1000	1800	1172	2478	-1	10139234	10139734	10139834	10140234	10141034	10141918	10141920
9	13	0	220	7	3	2	7	800	0	0.250	0	500	600	1000	1800	1174	2642	1	10142318	10142818	10142918	10143318	10144118	10145168	10145171
9	14	156	-156	5	8	2	7	800	0	0.250	0	500	600	1000	1800	1185	2712	-1	10145768	10146268	10146368	10146768	10147568	10148685	10148687
9	15	156	-156	4	8	2	7	800	0	-0.250	0	500	600	1000	1800	1172	3395	1	10149085	10149585	10149685	10150085	10150885	10152686	10152689
9	16	220	0	2	1	2	7	800	0	-0.250	0	500	600	1000	1800	1217	2651	-1	10153102	10153602	10153702	10154102	10154902	10155961	10155962
9	17	0	220	1	3	3	7	800	0	-0.250	0	500	600	1000	1800	1210	2686	1	10156402	10156902	10157002	10157402	10158202	10159294	10159295
9	18	0	-220	1	7	2	7	800	0	0.250	0	500	600	1000	1800	1187	2483	-1	10159694	10160194	10160294	10160694	10161494	10162386	10162389
9	19	0	-220	8	7	2	7	800	0	0.250	0	500	600	1000	1800	1190	2335	1	10162786	10163286	10163386	10163786	10164586	10165328	10165332
9	20	0	-220	7	7	1	7	800	0	-0.250	0	500	600	1000	1800	1185	2529	1	10165736	10166236	10166336	10166736	10167536	10168470	10168474
9	21	0	220	2	3	2	7	800	0	-0.250	0	500	600	1000	1800	1153	2331	-1	10168878	10169378	10169478	10169878	10170678	10171420	10171423
9	22	0	220	5	3	2	7	800	0	0.250	0	500	600	1000	1800	1182	2437	1	10171820	10172320	10172420	10172820	10173620	10174462	10174466
9	23	-156	-156	8	6	2	7	800	0	0.250	0	500	600	1000	1800	1234	2635	-1	10174870	10175370	10175470	10175870	10176670	10177713	10177714
9	24	0	-220	7	7	1	7	800	0	-0.250	0	500	600	1000	1800	1169	2570	1	10178112	10178612	10178712	10179112	10179912	10180888	10180889
10	1	0	-220	3	7	3	2	800	0	-0.250	0	500	600	1000	1800	1219	2281	1	10187521	10188021	10188121	10188521	10189322	10190013	10190015
10	2	0	-220	5	7	3	2	800	0	-0.250	0	500	600	1000	1800	1213	2189	-1	10190430	10190930	10191030	10191430	10192230	10192830	10192833
10	3	-220	0	8	5	3	2	800	0	0.250	0	500	600	1000	1800	1237	2667	1	10193264	10193763	10193864	10194263	10195064	10196139	10196142
10	4	220	0	6	1	3	2	800	0	0.250	0	500	600	1000	1800	1263	2735	1	10196564	10197064	10197164	10197564	10198364	10199506	10199508
10	5	156	-156	7	8	3	2	800	0	-0.250	0	500	600	1000	1800	1187	2512	-1	10199939	10200439	10200539	10200939	10201739	10202656	10202659
10	6	156	156	1	2	2	2	800	0	-0.250	0	500	600	1000	1800	1160	2378	1	10203089	10203589	10203689	10204089	10204889	10205673	10205676
10	7	0	-220	4	7	3	2	800	0	-0.250	0	500	600	1000	1800	1220	2601	1	10206106	10206606	10206706	10207106	10207906	10208915	10208918
10	8	0	-220	1	7	3	2	800	0	-0.250	0	500	600	1000	1800	1172	2439	-1	10209348	10209848	10209948	10210348	10211148	10211999	10212001
10	9	0	220	1	3	3	2	800	0	-0.250	0	500	600	1000	1800	1202	2557	-1	10212415	10212915	10213015	10213415	10214215	10215182	10215185
10	10	156	-156	2	8	3	2	800	0	-0.250	0	500	600	1000	1800	1168	3654	1	10215590	10216090	10216190	10216590	10217390	10219449	10219450
10	11	-156	-156	7	6	3	2	800	0	0.250	0	500	600	1000	1800	1269	2962	1	10219874	10220374	10220474	10220874	10221674	10223041	10223045
10	13	-220	0	2	5	2	2	800	0	-0.250	0	500	600	1000	1800	1207	2383	-1	10225741	10226241	10226341	10226741	10227541	10228333	10228336
10	15	156	156	1	2	3	2	800	0	0.250	0	500	600	1000	1800	1210	2440	1	10231325	10231825	10231925	10232325	10233125	10233975	10233979
10	16	156	156	2	2	1	2	800	0	0.250	0	500	600	1000	1800	1160	2212	1	10234408	10234908	10235008	10235408	10236209	10236825	10236828
10	17	156	156	4	2	3	2	800	0	-0.250	0	500	600	1000	1800	1195	2610	-1	10237259	10237759	10237858	10238259	10239059	10240076	10240079
10	18	-156	-156	6	6	1	2	800	0	-0.250	0	500	600	1000	1800	1213	3600	-1	10240509	10241009	10241109	10241509	10242309	10244318	10244321
10	19	156	156	3	2	3	2	800	0	-0.250	0	500	600	1000	1800	1183	2478	-1	10244751	10245251	10245351	10245751	10246551	10247434	10247437
10	20	220	0	7	1	3	2	800	0	-0.250	0	500	600	1000	1800	1176	2529	1	10247893	10248393	10248493	10248893	10249693	10250626	10250631
10	21	-220	0	6	5	3	2	800	0	0.250	0	500	600	1000	1800	1164	2418	1	10251068	10251568	10251668	10252068	10252868	10253693	10253697
10	22	156	-156	7	8	2	2	800	0	-0.250	0	500	600	1000	1800	1147	2839	-1	10254135	10254635	10254735	10255135	10255935	10257185	10257188
10	23	156	-156	6	8	3	2	800	0	-0.250	0	500	600	1000	1800	1186	2337	-1	10257668	10258168	10258269	10258668	10259469	10260211	10260215
10	24	156	-156	8	8	1	2	800	0	0.250	0	500	600	1000	1800	1151	2266	1	10260644	10261144	10261244	10261644	10262444	10263119	10263123
10	26	0	-220	8	7	3	2	800	0	0.250	0	500	600	1000	1800	1159	2438	1	10265961	10266461	10266561	10266961	10267761	10268603	10268606
10	27	-220	0	3	5	3	2	800	0	0.250	0	500	600	1000	1800	1242	2538	1	10269036	10269536	10269636	10270036	10270836	10271786	10271790
11	1	220	0	6	1	3	7	800	0	0.250	0	500	600	1000	1800	1241	2739	1	10510488	10510988	10511088	10511488	10512288	10513438	10513441
11	2	156	-156	6	8	2	7	800	0	0.250	0	500	600	1000	1800	1167	2299	1	10513880	10514380	10514480	10514880	10515680	10516389	10516391
11	3	-156	156	3	4	2	7	800	0	0.250	0	500	600	1000	1800	1225	3238	1	10516797	10517297	10517396	10517797	10518597	10520238	10520240
11	4	0	-220	8	7	2	7	800	0	-0.250	0	500	600	1000	1800	1203	2413	-1	10520630	10521130	10521230	10521630	10522430	10523247	10523249
11	5	-156	-156	4	6	2	7	800	0	-0.250	0	500	600	1000	1800	1170	2444	-1	10523655	10524155	10524255	10524655	10525456	10526306	10526309
11	6	156	-156	1	8	2	7	800	0	0.250	0	500	600	1000	1800	1188	2514	-1	10526706	10527206	10527306	10527706	10528506	10529431	10529435
11	7	-220	0	3	5	2	7	800	0	0.250	0	500	600	1000	1800	1191	2740	-1	10529856	10530356	10530456	10530856	10531656	10532806	10532810
11	8	156	-156	1	8	2	7	800	0	0.250	0	500	600	1000	1800	1175	2373	1	10533214	10533715	10533814	10534215	10535015	10535798	10535801
11	9	156	-156	4	8	3	7	800	0	0.250	0	500	600	1000	1800	1164	3710	-1	10536198	10536698	10536798	10537198	10537998	10540115	10540119
11	10	156	156	2	2	1	7	800	0	-0.250	0	500	600	1000	1800	1181	3200	1	10540532	10541032	10541132	10541532	10542332	10543941	10543943
11	11	220	0	6	1	2	7	800	0	-0.250	0	500	600	1000	1800	1175	2583	-1	10544349	10544849	10544949	10545349	10546149	10547141	10547144
11	12	0	220	4	3	2	7	800	0	0.250	0	500	600	1000	1800	1195	2743	-1	10547549	10548049	10548149	10548549	10549349	10550499	10550501
11	13	156	-156	4	8	2	7	800	0	0.250	0	500	600	1000	1800	1170	3001	-1	10550899	10551399	10551499	10551899	10552699	10554108	10554110
11	14	-156	156	2	4	2	7	800	0	-0.250	0	500	600	1000	1800	1172	2385	1	10554508	10555008	10555108	10555508	10556308	10557100	10557103
11	15	156	156	6	2	2	7	800	0	-0.250	0	500	600	1000	1800	1182	2417	-1	10557500	10558000	10558100	10558500	10559300	10560125	10560129
11	16	0	220	7	3	2	7	800	0	-0.250	0	500	600	1000	1800	1216	2864	1	10560533	10561033	10561133	10561533	10562333	10563609	10563611
11	17	0	220	2	3	2	7	800	0	0.250	0	500	600	1000	1800	1203	2365	-1	10564009	10564509	10564609	10565009	10565809	10566584	10566588
11	18	0	-220	2	7	2	7	800	0	0.250	0	500	600	1000	1800	1160	2853	1	10567000	10567500	10567600	10568000	10568801	10570059	10570061
11	19	-220	0	4	5	2	7	800	0	-0.250	0	500	600	1000	1800	1225	2482	1	10570467	10570967	10571067	10571467	10572267	10573159	10573162
11	20	156	156	4	2	2	7	800	0	0.250	0	500	600	1000	1800	1159	2462	1	10573568	10574068	10574167	10574568	10575368	10576235	10576237
11	21	156	-156	8	8	1	7	800	0	-0.250	0	500	600	1000	1800	1171	2939	1	10576651	10577151	10577251	10577651	10578451	10579802	10579803
11	22	-156	156	3	4	3	7	800	0	-0.250	0	500	600	1000	1800	1207	2667	-1	10580243	10580743	10580843	10581243	10582043	10583119	10583123
11	23	0	220	8	3	2	7	800	0	0.250	0	500	600	1000	1800	1184	2671	1	10583527	10584027	10584127	10584527	10585327	10586402	10586404
11	24	-156	156	4	4	1	7	800	0	-0.250	0	500	600	1000	1800	1205	2908	1	10586802	10587302	10587402	10587802	10588602	10589919	10589921
12	1	-156	156	3	4	2	4	800	0	0.250	0	500	600	1000	1800	1197	2560	1	10595703	10596203	10596303	10596703	10597503	10598470	10598471
12	3	156	-156	8	8	1	4	800	0	-0.250	0	500	600	1000	1800	1188	2418	1	10601461	10601961	10602061	10602461	10603261	10604087	10604090
12	4	220	0	6	1	3	4	800	0	-0.250	0	500	600	1000	1800	1238	2408	-1	10604503	10605003	10605103	10605503	10606303	10607120	10607123
12	5	0	220	2	3	2	4	800	0	-0.250	0	500	600	1000	1800	1167	2383	-1	10607529	10608029	10608128	10608529	10609329	10610121	10610123
12	6	220	0	5	1	3	4	800	0	-0.250	0	500	600	1000	1800	1205	2591	1	10610529	10611029	10611129	10611529	10612329	10613329	10613334
12	7	-156	156	7	4	3	4	800	0	-0.250	0	500	600	1000	1800	1192	2662	1	10613737	10614238	10614337	10614737	10615537	10616604	10616607
12	8	-156	156	7	4	2	4	800	0	-0.250	0	500	600	1000	1800	1192	2593	-1	10617079	10617579	10617679	10618079	10618880	10619880	10619882
12	10	0	-220	8	7	2	4	800	0	0.250	0	500	600	1000	1800	1197	4164	1	10622588	10623088	10623188	10623588	10624388	10626963	10626966
12	11	0	220	4	3	3	4	800	0	-0.250	0	500	600	1000	1800	1166	2492	-1	10627388	10627888	10627988	10628388	10629189	10630089	10630093
12	12	156	-156	7	8	2	4	800	0	-0.250	0	500	600	1000	1800	1173	2256	1	10630497	10630997	10631097	10631497	10632297	10632964	10632966
12	13	-156	-156	8	6	3	4	800	0	-0.250	0	500	600	1000	1800	1222	2347	1	10633414	10633914	10634014	10634414	10635214	10635973	10635975
12	14	-156	156	4	4	1	4	800	0	0.250	0	500	600	1000	1800	1227	2516	1	10636381	10636881	10636981	10637381	10638181	10639106	10639109
12	15	156	-156	3	8	3	4	800	0	-0.250	0	500	600	1000	1800	1223	2566	1	10639531	10640031	10640131	10640531	10641331	10642306	10642309
12	16	-156	-156	3	6	3	4	800	0	0.250	0	500	600	1000	1800	1265	2766	1	10642740	10643240	10643340	10643740	10644540	10645715	10645717
12	17	0	220	8	3	2	4	800	0	0.250	0	500	600	1000	1800	1180	2557	1	10646140	10646640	10646740	10647140	10647940	10648907	10648909
12	18	-156	156	8	4	3	4	800	0	-0.250	0	500	600	1000	1800	1182	2670	1	10649323	10649823	10649923	10650323	10651123	10652199	10652201
12	19	156	-156	4	8	2	4	800	0	-0.250	0	500	600	1000	1800	1187	3010	-1	10652624	10653124	10653224	10653624	10654424	10655841	10655843
12	20	-220	0	2	5	3	4	800	0	-0.250	0	500	600	1000	1800	1244	2672	1	10656265	10656766	10656866	10657266	10658066	10659149	10659151
12	21	-220	0	1	5	2	4	800	0	0.250	0	500	600	1000	1800	1193	2333	1	10659549	10660049	10660149	10660549	10661349	10662091	10662093
12	22	220	0	1	1	1	4	800	0	-0.250	0	500	600	1000	1800	1233	3246	1	10662508	10663008	10663108	10663508	10664308	10665958	10665961
12	23	220	0	5	1	3	4	800	0	-0.250	0	500	600	1000	1800	1201	2772	-1	10666358	10666858	10666958	10667358	10668158	10669342	10669344
12	24	156	-156	4	8	2	4	800	0	0.250	0	500	600	1000	1800	1168	2604	1	10669767	10670267	10670367	10670767	10671567	10672576	10672578
12	25	-220	0	7	5	3	4	800	0	0.250	0	500	600	1000	1800	1233	2618	1	10673000	10673500	10673600	10674000	10674801	10675826	10675827
12	26	-156	156	5	4	3	4	800	0	-0.250	0	500	600	1000	1800	1212	3134	-1	10676300	10676800	10676900	10677300	10678100	10679642	10679644
13	2	220	0	1	1	1	4	800	0	-0.250	0	500	600	1000	1800	1198	2596	1	10687760	10688260	10688360	10688760	10689560	10690560	10690562
13	3	156	-156	5	8	3	4	800	0	0.250	0	500	600	1000	1800	1187	2515	-1	10690985	10691485	10691585	10691985	10692785	10693710	10693713
13	4	-156	156	6	4	3	4	800	0	0.250	0	500	600	1000	1800	1197	2460	1	10694135	10694635	10694735	10695135	10695935	10696802	10696805
13	5	-156	156	8	4	2	4	800	0	-0.250	0	500	600	1000	1800	1189	2409	-1	10697227	10697727	10697827	10698227	10699027	10699844	10699845
13	6	-156	-156	6	6	1	4	800	0	0.250	0	500	600	1000	1800	1232	2295	1	10700277	10700777	10700877	10701277	10702077	10702778	10702780
13	7	-220	0	7	5	3	4	800	0	-0.250	0	500	600	1000	1800	1211	4226	1	10703194	10703694	10703794	10704194	10704994	10707628	10707630
13	8	-156	-156	5	6	3	4	800	0	-0.250	0	500	600	1000	1800	1269	2320	-1	10708244	10708744	10708845	10709244	10710045	10710770	10710772
13	9	-220	0	8	5	3	4	800	0	0.250	0	500	600	1000	1800	1188	2434	1	10711195	10711695	10711795	10712195	10712995	10713837	10713838
13	10	0	220	4	3	2	4	800	0	-0.250	0	500	600	1000	1800	1174	2575	-1	10714253	10714753	10714853	10715254	10716053	10717037	10717039
13	11	220	0	7	1	2	4	800	0	-0.250	0	500	600	1000	1800	1154	2519	1	10717454	10717954	10718054	10718454	10719254	10720179	10720180
13	12	156	156	8	2	3	4	800	0	0.250	0	500	600	1000	1800	1183	2433	1	10720596	10721096	10721195	10721596	10722396	10723237	10723239
13	13	-156	156	3	4	2	4	800	0	0.250	0	500	600	1000	1800	1196	2687	1	10723662	10724162	10724262	10724662	10725463	10726554	10726556
13	14	-156	-156	5	6	3	4	800	0	-0.250	0	500	600	1000	1800	1221	2490	1	10726979	10727479	10727579	10727979	10728779	10729680	10729682
13	15	0	-220	5	7	2	4	800	0	-0.250	0	500	600	1000	1800	1168	2525	1	10730113	10730613	10730713	10731113	10731913	10732847	10732849
13	16	156	156	4	2	2	4	800	0	-0.250	0	500	600	1000	1800	1169	2718	-1	10733271	10733772	10733871	10734271	10735072	10736197	10736199
13	17	-156	-156	2	6	2	4	800	0	0.250	0	500	600	1000	1800	1159	2720	1	10736622	10737122	10737222	10737622	10738422	10739547	10739549
13	18	-220	0	7	5	2	4	800	0	0.250	0	500	600	1000	1800	1191	2970	1	10739964	10740464	10740564	10740964	10741764	10743139	10743142
13	19	156	156	4	2	3	4	800	0	0.250	0	500	600	1000	1800	1184	3074	-1	10743564	10744064	10744164	10744564	10745364	10746848	10746849
13	20	156	-156	8	8	1	4	800	0	-0.250	0	500	600	1000	1800	1165	2302	1	10747264	10747764	10747864	10748264	10749064	10749773	10749776
13	21	-156	-156	7	6	2	4	800	0	0.250	0	500	600	1000	1800	1187	2273	1	10750198	10750698	10750798	10751198	10751998	10752682	10752684
13	22	-220	0	7	5	3	4	800	0	-0.250	0	500	600	1000	1800	1200	2364	-1	10753106	10753606	10753706	10754106	10754906	10755682	10755683
13	24	-220	0	6	5	3	4	800	0	-0.250	0	500	600	1000	1800	1190	2569	1	10758382	10758882	10758982	10759382	10760182	10761157	10761159
13	25	-156	-156	7	6	3	4	800	0	-0.250	0	500	600	1000	1800	1193	2249	1	10761574	10762074	10762174	10762574	10763374	10764032	10764034
13	26	-220	0	1	5	3	4	800	0	0.250	0	500	600	1000	1800	1189	2478	-1	10764457	10764957	10765057	10765457	10766257	10767141	10767144
14	1	156	156	5	2	2	7	800	0	0.250	0	500	600	1000	1800	1192	2608	-1	10773199	10773700	10773799	10774199	10775000	10776017	10776019
14	2	-156	-156	7	6	2	7	800	0	0.250	0	500	600	1000	1800	1223	2312	1	10776408	10776908	10777008	10777408	10778208	10778925	10778928
14	3	0	-220	4	7	2	7	800	0	0.250	0	500	600	1000	1800	1210	2411	-1	10779333	10779833	10779933	10780333	10781133	10781950	10781952
14	4	156	156	3	2	2	7	800	0	0.250	0	500	600	1000	1800	1168	3306	1	10782359	10782859	10782959	10783359	10784159	10785876	10785878
14	5	0	-220	5	7	2	7	800	0	-0.250	0	500	600	1000	1800	1186	2420	-1	10786284	10786784	10786884	10787284	10788084	10788909	10788911
14	6	156	156	3	2	2	7	800	0	-0.250	0	500	600	1000	1800	1181	2403	1	10789317	10789817	10789917	10790318	10791118	10791926	10791928
14	7	0	-220	7	7	1	7	800	0	-0.250	0	500	600	1000	1800	1163	2243	1	10792326	10792826	10792926	10793326	10794126	10794777	10794779
14	8	-220	0	3	5	3	7	800	0	-0.250	0	500	600	1000	1800	1210	2520	-1	10795184	10795684	10795785	10796184	10796985	10797910	10797913
14	9	0	220	1	3	2	7	800	0	-0.250	0	500	600	1000	1800	1196	2386	-1	10798343	10798843	10798943	10799343	10800143	10800935	10800937
14	10	-156	156	7	4	3	7	800	0	0.250	0	500	600	1000	1800	1198	2458	1	10801327	10801827	10801927	10802327	10803127	10803994	10803995
14	11	-156	156	1	4	2	7	800	0	-0.250	0	500	600	1000	1800	1180	2535	1	10804402	10804902	10805002	10805402	10806202	10807144	10807146
14	12	220	0	4	1	2	7	800	0	0.250	0	500	600	1000	1800	1183	2562	-1	10807544	10808044	10808144	10808544	10809344	10810311	10810313
14	13	0	-220	6	7	2	7	800	0	-0.250	0	500	600	1000	1800	1179	2443	1	10810711	10811211	10811311	10811711	10812511	10813361	10813364
14	14	-220	0	8	5	2	7	800	0	0.250	0	500	600	1000	1800	1170	2624	1	10813778	10814278	10814378	10814778	10815578	10816611	10816613
14	15	-156	156	5	4	2	7	800	0	-0.250	0	500	600	1000	1800	1169	2502	-1	10817019	10817519	10817620	10818019	10818820	10819728	10819731
14	16	0	220	2	3	2	7	800	0	0.250	0	500	600	1000	1800	1164	2426	-1	10820128	10820628	10820728	10821128	10821928	10822762	10822763
14	17	156	-156	8	8	1	7	800	0	0.250	0	500	600	1000	1800	1247	2504	1	10823162	10823662	10823762	10824162	10824962	10825870	10825872
14	18	156	156	2	2	1	7	800	0	0.250	0	500	600	1000	1800	1165	2460	-1	10826270	10826770	10826870	10827270	10828070	10828937	10828940
14	19	0	220	4	3	2	7	800	0	0.250	0	500	600	1000	1800	1185	2650	-1	10829329	10829829	10829929	10830329	10831129	10832187	10832189
14	20	156	-156	6	8	3	7	800	0	0.250	0	500	600	1000	1800	1184	2409	1	10832746	10833246	10833346	10833746	10834546	10835363	10835365
14	21	156	-156	1	8	2	7	800	0	0.250	0	500	600	1000	1800	1211	2376	-1	10835763	10836263	10836363	10836763	10837563	10838346	10838349
14	23	0	-220	2	7	2	7	800	0	0.250	0	500	600	1000	1800	1172	2344	1	10840955	10841455	10841555	10841955	10842755	10843505	10843507
14	24	0	220	8	3	2	7	800	0	0.250	0	500	600	1000	1800	1172	2458	1	10843905	10844405	10844505	10844905	10845705	10846572	10846573
14	25	-156	-156	4	6	2	7	800	0	0.250	0	500	600	1000	1800	1213	2456	-1	10846972	10847472	10847572	10847972	10848772	10849639	10849641
15	1	156	-156	6	8	3	4	800	0	-0.250	0	500	600	1000	1800	1234	2194	-1	10855106	10855606	10855706	10856106	10856906	10857506	10857508
15	2	-156	-156	2	6	2	4	800	0	0.250	0	500	600	1000	1800	1185	2313	1	10857923	10858423	10858523	10858923	10859723	10860440	10860441
15	3	156	156	2	2	1	4	800	0	0.250	0	500	600	1000	1800	1168	2276	1	10860856	10861356	10861456	10861856	10862656	10863340	10863342
15	4	156	156	3	2	2	4	800	0	-0.250	0	500	600	1000	1800	1160	2479	-1	10863765	10864265	10864365	10864765	10865565	10866449	10866450
15	5	-156	156	2	4	3	4	800	0	0.250	0	500	600	1000	1800	1206	2331	1	10866874	10867373	10867473	10867873	10868673	10869415	10869417
15	6	156	-156	3	8	2	4	800	0	-0.250	0	500	600	1000	1800	1186	2237	-1	10869832	10870332	10870432	10870832	10871632	10872274	10872276
15	7	156	156	6	2	3	4	800	0	-0.250	0	500	600	1000	1800	1200	2530	1	10872690	10873190	10873291	10873690	10874490	10875424	10875426
15	8	0	-220	8	7	3	4	800	0	0.250	0	500	600	1000	1800	1172	2612	1	10875841	10876341	10876441	10876841	10877641	10878658	10878660
15	9	0	-220	2	7	3	4	800	0	0.250	0	500	600	1000	1800	1154	2570	-1	10879083	10879583	10879683	10880083	10880883	10881858	10881860
15	10	156	156	4	2	2	4	800	0	0.250	0	500	600	1000	1800	1164	2426	-1	10882283	10882783	10882883	10883283	10884083	10884917	10884918
15	11	156	156	8	2	2	4	800	0	-0.250	0	500	600	1000	1800	1077	2392	1	10885325	10885825	10885925	10886325	10887125	10887925	10887927
15	12	-156	156	4	4	1	4	800	0	-0.250	0	500	600	1000	1800	1166	2256	-1	10888325	10888825	10888925	10889325	10890125	10890792	10890794
15	13	-156	-156	5	6	2	4	800	0	0.250	0	500	600	1000	1800	1223	2901	-1	10891209	10891708	10891809	10892209	10893009	10894317	10894319
15	14	220	0	4	1	3	4	800	0	-0.250	0	500	600	1000	1800	1202	2280	-1	10894734	10895234	10895334	10895734	10896534	10897218	10897219
15	15	0	-220	8	7	2	4	800	0	0.250	0	500	600	1000	1800	1169	2531	1	10897643	10898142	10898242	10898642	10899442	10900384	10900386
15	16	0	220	2	3	3	4	800	0	0.250	0	500	600	1000	1800	1175	2429	1	10900801	10901301	10901401	10901801	10902601	10903435	10903437
15	17	220	0	2	1	2	4	800	0	0.250	0	500	600	1000	1800	1172	2532	-1	10903834	10904334	10904435	10904834	10905635	10906576	10906578
15	18	-156	156	7	4	3	4	800	0	0.250	0	500	600	1000	1800	1201	2469	1	10907001	10907501	10907601	10908001	10908802	10909677	10909678
15	19	156	-156	1	8	3	4	800	0	-0.250	0	500	600	1000	1800	1192	2417	-1	10910093	10910593	10910693	10911093	10911893	10912719	10912721
15	20	0	220	7	3	3	4	800	0	0.250	0	500	600	1000	1800	1162	2535	1	10913144	10913644	10913743	10914144	10914944	10915886	10915887
15	21	220	0	3	1	2	4	800	0	0.250	0	500	600	1000	1800	1175	2710	-1	10916369	10916869	10916969	10917369	10918169	10919286	10919287
15	22	0	-220	4	7	3	4	800	0	0.250	0	500	600	1000	1800	1196	2433	1	10919694	10920194	10920294	10920694	10921494	10922336	10922338
15	23	-156	-156	1	6	3	4	800	0	0.250	0	500	600	1000	1800	1225	2438	1	10922753	10923253	10923353	10923753	10924553	10925395	10925397
15	24	156	-156	8	8	1	4	800	0	0.250	0	500	600	1000	1800	1184	2357	1	10925794	10926294	10926395	10926794	10927595	10928362	10928364
16	1	-220	0	6	5	2	2	800	0	-0.250	0	500	600	1000	1800	1240	2365	1	10935570	10936070	10936170	10936570	10937370	10938146	10938148
16	2	220	0	5	1	3	2	800	0	0.250	0	500	600	1000	1800	1180	2429	-1	10938579	10939079	10939179	10939579	10940379	10941213	10941215
16	5	0	-220	3	7	3	2	800	0	0.250	0	500	600	1000	1800	1196	2433	-1	10944887	10945388	10945488	10945888	10946688	10947529	10947531
16	6	0	-220	7	7	1	2	800	0	0.250	0	500	600	1000	1800	1202	2492	-1	10947996	10948496	10948596	10948996	10949796	10950697	10950698
16	7	-156	-156	8	6	3	2	800	0	0.250	0	500	600	1000	1800	1229	2184	1	10951105	10951605	10951705	10952105	10952905	10953497	10953499
16	8	-156	156	3	4	3	2	800	0	-0.250	0	500	600	1000	1800	1185	2736	1	10953897	10954397	10954497	10954897	10955697	10956839	10956841
16	9	220	0	4	1	3	2	800	0	0.250	0	500	600	1000	1800	1201	2442	1	10957255	10957755	10957855	10958255	10959055	10959906	10959908
16	10	0	220	7	3	2	2	800	0	-0.250	0	500	600	1000	1800	1191	2422	-1	10960339	10960839	10960939	10961339	10962139	10962972	10962974
16	11	-156	156	8	4	3	2	800	0	0.250	0	500	600	1000	1800	1214	2435	1	10963414	10963914	10964014	10964414	10965214	10966056	10966058
16	12	156	156	1	2	3	2	800	0	-0.250	0	500	600	1000	1800	1169	2616	1	10966498	10966998	10967098	10967498	10968298	10969323	10969326
16	13	220	0	1	1	1	2	800	0	0.250	0	500	600	1000	1800	1172	2501	1	10969756	10970256	10970356	10970756	10971556	10972465	10972467
16	14	-156	-156	8	6	3	2	800	0	-0.250	0	500	600	1000	1800	1251	3534	-1	10973140	10973640	10973740	10974140	10974940	10976882	10976884
16	15	156	-156	7	8	3	2	800	0	0.250	0	500	600	1000	1800	1228	2212	-1	10977390	10977890	10977990	10978390	10979190	10979807	10979809
16	16	0	220	8	3	3	2	800	0	0.250	0	500	600	1000	1800	1209	2443	1	10980215	10980715	10980815	10981215	10982015	10982866	10982867
16	17	156	156	7	2	2	2	800	0	-0.250	0	500	600	1000	1800	1173	2400	-1	10983274	10983774	10983874	10984274	10985074	10985883	10985885
16	18	156	-156	4	8	3	2	800	0	-0.250	0	500	600	1000	1800	1208	2598	1	10986316	10986816	10986916	10987316	10988116	10989125	10989127
16	19	-156	-156	2	6	3	2	800	0	0.250	0	500	600	1000	1800	1235	4141	-1	10989549	10990050	10990150	10990549	10991349	10993900	10993901
16	20	220	0	2	1	3	2	800	0	0.250	0	500	600	1000	1800	1181	2270	-1	10994325	10994825	10994925	10995325	10996125	10996800	10996802
16	22	-220	0	5	5	1	2	800	0	-0.250	0	500	600	1000	1800	1203	2391	-1	10999483	10999983	11000083	11000484	11001284	11002084	11002086
16	23	156	-156	7	8	3	2	800	0	0.250	0	500	600	1000	1800	1151	2511	-1	11002492	11002992	11003092	11003492	11004292	11005209	11005212
16	24	156	156	7	2	3	2	800	0	0.250	0	500	600	1000	1800	1186	2298	1	11005617	11006117	11006217	11006617	11007417	11008126	11008129
16	25	-220	0	8	5	3	2	800	0	0.250	0	500	600	1000	1800	1210	2262	1	11008526	11009026	11009126	11009526	11010326	11010993	11010995
16	27	-156	156	2	4	3	2	800	0	-0.250	0	500	600	1000	1800	1201	2664	-1	11013668	11014168	11014268	11014668	11015468	11016543	11016545
16	29	0	-220	6	7	3	2	800	0	0.250	0	500	600	1000	1800	1159	3101	1	11019727	11020227	11020327	11020727	11021527	11023035	11023037
17	1	156	-156	7	8	3	2	800	0	-0.250	0	500	600	1000	1800	1177	2204	-1	11028561	11029061	11029161	11029561	11030361	11030970	11030972
17	2	0	220	8	3	3	2	800	0	-0.250	0	500	600	1000	1800	1184	2475	1	11031386	11031886	11031986	11032386	11033186	11034070	11034072
17	3	-156	156	3	4	3	2	800	0	0.250	0	500	600	1000	1800	1170	2503	1	11034478	11034978	11035078	11035478	11036278	11037186	11037188
17	4	0	-220	2	7	3	2	800	0	-0.250	0	500	600	1000	1800	1232	3642	1	11037595	11038095	11038195	11038595	11039395	11041445	11041447
17	5	-156	156	7	4	3	2	800	0	0.250	0	500	600	1000	1800	1222	2535	1	11041862	11042362	11042462	11042862	11043662	11044604	11044606
17	6	0	220	2	3	3	2	800	0	0.250	0	500	600	1000	1800	1195	2496	-1	11045054	11045554	11045654	11046054	11046854	11047754	11047755
17	7	156	156	8	2	3	2	800	0	0.250	0	500	600	1000	1800	1182	2523	1	11048162	11048662	11048762	11049162	11049962	11050896	11050899
17	8	0	220	5	3	3	2	800	0	0.250	0	500	600	1000	1800	1195	2373	1	11051304	11051804	11051904	11052304	11053104	11053888	11053890
17	9	0	220	1	3	3	2	800	0	0.250	0	500	600	1000	1800	1200	2486	1	11054296	11054796	11054896	11055296	11056096	11056988	11056991
17	10	0	220	2	3	3	2	800	0	0.250	0	500	600	1000	1800	1166	2737	1	11057396	11057896	11057996	11058396	11059196	11060338	11060340
17	11	0	-220	4	7	3	2	800	0	0.250	0	500	600	1000	1800	1249	2267	-1	11060955	11061455	11061555	11061955	11062755	11063430	11063433
17	12	-156	156	3	4	3	2	800	0	-0.250	0	500	600	1000	1800	1214	2423	-1	11063847	11064347	11064447	11064847	11065647	11066481	11066482
17	13	-156	-156	2	6	3	2	800	0	0.250	0	500	600	1000	1800	1232	2398	1	11066889	11067389	11067489	11067889	11068689	11069497	11069499
17	14	0	220	1	3	2	2	800	0	0.250	0	500	600	1000	1800	1184	2180	1	11069914	11070414	11070514	11070914	11071714	11072306	11072309
17	15	-156	-156	7	6	3	2	800	0	0.250	0	500	600	1000	1800	1270	2407	1	11072856	11073356	11073456	11073856	11074656	11075473	11075476
17	16	156	156	2	2	1	2	800	0	0.250	0	500	600	1000	1800	1161	2470	-1	11075881	11076381	11076481	11076881	11077681	11078556	11078558
17	17	156	156	2	2	1	2	800	0	0.250	0	500	600	1000	1800	1182	2554	1	11079173	11079673	11079773	11080173	11080973	11081932	11081934
17	18	156	156	3	2	3	2	800	0	-0.250	0	500	600	1000	1800	1170	2259	-1	11082348	11082848	11082948	11083348	11084148	11084815	11084818
17	19	156	-156	4	8	3	2	800	0	0.250	0	500	600	1000	1800	1172	2472	1	11085223	11085723	11085823	11086223	11087023	11087907	11087909
17	20	-156	-156	7	6	2	2	800	0	0.250	0	500	600	1000	1800	1157	2350	1	11088474	11088974	11089074	11089474	11090274	11091032	11091034
17	21	-220	0	5	5	1	2	800	0	0.250	0	500	600	1000	1800	1214	2447	1	11091440	11091941	11092040	11092441	11093241	11094099	11094101
17	22	-220	0	2	5	2	2	800	0	-0.250	0	500	600	1000	1800	1174	2324	-1	11094508	11095008	11095107	11095508	11096308	11097041	11097042
17	23	156	156	5	2	3	2	800	0	0.250	0	500	600	1000	1800	1191	2334	1	11097449	11097949	11098049	11098449	11099249	11099991	11099994
17	25	-156	-156	3	6	3	2	800	0	0.250	0	500	600	1000	1800	1206	2257	1	11103191	11103692	11103791	11104191	11104991	11105658	11105660
18	1	-156	-156	1	6	2	4	800	0	0.250	0	500	600	1000	1800	1204	2819	-1	11111517	11112017	11112117	11112517	11113317	11114542	11114544
18	2	156	156	3	2	2	4	800	0	0.250	0	500	600	1000	1800	1178	2537	-1	11114984	11115484	11115584	11115984	11116784	11117726	11117728
18	3	-156	-156	8	6	2	4	800	0	0.250	0	500	600	1000	1800	1171	2739	-1	11118134	11118634	11118734	11119134	11119934	11121085	11121087
18	4	156	156	8	2	3	4	800	0	0.250	0	500	600	1000	1800	1184	2492	1	11121493	11121993	11122093	11122493	11123293	11124193	11124196
18	5	156	156	8	2	3	4	800	0	-0.250	0	500	600	1000	1800	1180	2480	1	11124601	11125101	11125201	11125601	11126401	11127285	11127287
18	6	156	156	8	2	3	4	800	0	-0.250	0	500	600	1000	1800	1198	2531	1	11127710	11128210	11128310	11128710	11129510	11130452	11130453
18	8	0	-220	8	7	2	4	800	0	0.250	0	500	600	1000	1800	1183	2819	-1	11132127	11132627	11132727	11133127	11133927	11135153	11135155
18	9	0	-220	8	7	3	4	800	0	0.250	0	500	600	1000	1800	1185	3481	1	11135561	11136061	11136161	11136561	11137361	11139253	11139255
18	10	220	0	8	1	3	4	800	0	0.250	0	500	600	1000	1800	1199	3145	-1	11139769	11140269	11140369	11140769	11141569	11143120	11143121
18	11	-156	-156	3	6	3	4	800	0	0.250	0	500	600	1000	1800	1269	3643	-1	11143520	11144020	11144119	11144520	11145320	11147370	11147373
18	12	-156	156	1	4	2	4	800	0	0.250	0	500	600	1000	1800	1201	2680	1	11147778	11148278	11148378	11148778	11149578	11150662	11150664
18	13	0	220	4	3	3	4	800	0	-0.250	0	500	600	1000	1800	1171	2357	1	11151062	11151562	11151662	11152062	11152862	11153629	11153631
18	15	0	-220	8	7	2	4	800	0	0.250	0	500	600	1000	1800	1171	2877	-1	11156245	11156745	11156845	11157245	11158046	11159329	11159332
18	16	-220	0	1	5	3	4	800	0	-0.250	0	500	600	1000	1800	1247	2801	1	11159737	11160237	11160337	11160737	11161537	11162746	11162747
18	17	0	-220	7	7	1	4	800	0	-0.250	0	500	600	1000	1800	1156	2241	-1	11163146	11163646	11163746	11164146	11164946	11165596	11165598
18	18	0	-220	6	7	3	4	800	0	0.250	0	500	600	1000	1800	1183	2695	1	11165996	11166496	11166596	11166996	11167796	11168897	11168899
18	19	220	0	2	1	3	4	800	0	0.250	0	500	600	1000	1800	1200	2987	-1	11169305	11169805	11169905	11170305	11171105	11172497	11172499
18	20	-156	-156	1	6	2	4	800	0	-0.250	0	500	600	1000	1800	1190	2826	1	11172905	11173405	11173505	11173905	11174705	11175939	11175941
18	21	-220	0	8	5	2	4	800	0	-0.250	0	500	600	1000	1800	1178	2369	1	11176347	11176847	11176947	11177347	11178147	11178922	11178924
18	22	220	0	3	1	2	4	800	0	0.250	0	500	600	1000	1800	1188	2337	-1	11179331	11179831	11179930	11180331	11181131	11181873	11181874
18	23	156	156	2	2	1	4	800	0	-0.250	0	500	600	1000	1800	1172	2796	-1	11182272	11182772	11182872	11183272	11184073	11185273	11185275
18	24	156	-156	4	8	3	4	800	0	-0.250	0	500	600	1000	1800	1171	2411	1	11185673	11186173	11186273	11186673	11187473	11188290	11188292
18	26	156	-156	5	8	3	4	800	0	-0.250	0	500	600	1000	1800	1180	2834	1	11189706	11190206	11190306	11190706	11191506	11192749	11192751
18	27	-156	-156	6	6	1	4	800	0	-0.250	0	500	600	1000	1800	1205	3568	-1	11193157	11193657	11193757	11194157	11194957	11196932	11196935
19	1	220	0	5	1	2	4	800	0	-0.250	0	500	600	1000	1800	1193	2328	-1	11202149	11202649	11202749	11203149	11203949	11204683	11204685
19	2	-156	-156	5	6	3	4	800	0	0.250	0	500	600	1000	1800	1230	3211	-1	11205083	11205583	11205682	11206083	11206883	11208500	11208502
19	3	-220	0	4	5	2	4	800	0	-0.250	0	500	600	1000	1800	1218	2449	1	11208908	11209408	11209508	11209908	11210708	11211567	11211569
19	4	-220	0	7	5	2	4	800	0	-0.250	0	500	600	1000	1800	1225	2470	1	11211983	11212483	11212583	11212983	11213783	11214659	11214661
19	5	-156	156	8	4	3	4	800	0	0.250	0	500	600	1000	1800	1201	2634	1	11215092	11215592	11215691	11216092	11216892	11217934	11217935
19	6	-220	0	2	5	3	4	800	0	-0.250	0	500	600	1000	1800	1229	2280	1	11218334	11218834	11218933	11219334	11220134	11220826	11220828
19	7	-156	156	1	4	3	4	800	0	0.250	0	500	600	1000	1800	1192	2340	-1	11221234	11221734	11221834	11222234	11223034	11223784	11223786
19	8	-156	-156	5	6	3	4	800	0	-0.250	0	500	600	1000	1800	1179	2358	1	11224192	11224692	11224792	11225192	11225992	11226759	11226762
19	9	220	0	6	1	2	4	800	0	0.250	0	500	600	1000	1800	1167	2301	-1	11227401	11227901	11228001	11228401	11229201	11229909	11229911
19	10	-156	-156	7	6	3	4	800	0	0.250	0	500	600	1000	1800	1248	2297	1	11230309	11230809	11230909	11231309	11232109	11232818	11232821
19	11	-156	156	6	4	3	4	800	0	-0.250	0	500	600	1000	1800	1189	2340	-1	11233226	11233726	11233826	11234226	11235026	11235777	11235780
19	12	-156	156	6	4	2	4	800	0	0.250	0	500	600	1000	1800	1194	2718	-1	11236185	11236685	11236785	11237185	11237985	11239110	11239112
19	13	-156	-156	2	6	3	4	800	0	0.250	0	500	600	1000	1800	1236	2441	1	11239510	11240010	11240110	11240510	11241310	11242160	11242162
19	14	156	-156	8	8	1	4	800	0	-0.250	0	500	600	1000	1800	1156	2451	1	11242652	11243152	11243252	11243652	11244452	11245311	11245313
19	15	0	-220	3	7	3	4	800	0	0.250	0	500	600	1000	1800	1246	2576	-1	11245719	11246219	11246319	11246719	11247519	11248503	11248505
19	16	156	156	1	2	2	4	800	0	0.250	0	500	600	1000	1800	1204	2649	1	11248902	11249402	11249503	11249902	11250703	11251761	11251764
19	17	-156	156	3	4	3	4	800	0	-0.250	0	500	600	1000	1800	1184	2318	-1	11252170	11252670	11252770	11253170	11253970	11254695	11254698
19	18	220	0	2	1	3	4	800	0	0.250	0	500	600	1000	1800	1180	3689	1	11255103	11255603	11255703	11256103	11256903	11259004	11259006
19	19	220	0	5	1	3	4	800	0	-0.250	0	500	600	1000	1800	1195	2509	-1	11259403	11259903	11260003	11260403	11261203	11262120	11262123
19	20	0	220	4	3	2	4	800	0	-0.250	0	500	600	1000	1800	1169	2519	1	11262528	11263029	11263129	11263529	11264329	11265254	11265256
19	21	0	-220	7	7	1	4	800	0	-0.250	0	500	600	1000	1800	1170	2282	1	11265662	11266162	11266262	11266662	11267462	11268154	11268156
19	22	0	220	3	3	1	4	800	0	0.250	0	500	600	1000	1800	1178	2854	1	11268554	11269054	11269154	11269554	11270354	11271613	11271615
19	23	156	156	4	2	2	4	800	0	0.250	0	500	600	1000	1800	1173	2338	1	11272054	11272554	11272654	11273054	11273854	11274597	11274599
19	24	-220	0	8	5	2	4	800	0	0.250	0	500	600	1000	1800	1242	2508	-1	11275005	11275505	11275605	11276005	11276805	11277722	11277724
20	1	-220	0	7	5	3	2	800	0	0.250	0	500	600	1000	1800	1232	2256	1	11289106	11289606	11289706	11290106	11290906	11291573	11291575
20	2	-156	156	6	4	3	2	800	0	0.250	0	500	600	1000	1800	1206	2212	1	11291989	11292489	11292589	11292989	11293789	11294406	11294409
20	3	0	-220	8	7	3	2	800	0	-0.250	0	500	600	1000	1800	1230	2195	1	11294814	11295314	11295414	11295814	11296614	11297215	11297217
20	4	220	0	5	1	3	2	800	0	-0.250	0	500	600	1000	1800	1191	2427	-1	11297623	11298123	11298223	11298623	11299423	11300256	11300258
20	5	156	156	3	2	3	2	800	0	0.250	0	500	600	1000	1800	1175	3009	-1	11300665	11301165	11301265	11301665	11302465	11303882	11303884
20	6	220	0	5	1	3	2	800	0	0.250	0	500	600	1000	1800	1168	2287	-1	11304323	11304823	11304923	11305323	11306123	11306815	11306818
20	7	0	-220	4	7	3	2	800	0	-0.250	0	500	600	1000	1800	1203	2555	1	11307224	11307724	11307824	11308224	11309024	11309983	11309985
20	8	0	-220	8	7	2	2	800	0	0.250	0	500	600	1000	1800	1170	2356	-1	11310391	11310891	11310991	11311391	11312191	11312958	11312959
20	9	220	0	5	1	3	2	800	0	-0.250	0	500	600	1000	1800	1173	2460	-1	11313391	11313891	11313991	11314391	11315191	11316058	11316060
20	11	0	220	4	3	3	2	800	0	-0.250	0	500	600	1000	1800	1164	2383	-1	11318699	11319200	11319299	11319700	11320500	11321291	11321293
20	13	0	-220	3	7	3	2	800	0	0.250	0	500	600	1000	1800	1229	2656	1	11324283	11324783	11324883	11325283	11326083	11327151	11327153
20	15	0	220	5	3	3	2	800	0	0.250	0	500	600	1000	1800	1222	2175	1	11330101	11330601	11330700	11331101	11331901	11332484	11332487
20	17	-156	156	1	4	3	2	800	0	0.250	0	500	600	1000	1800	1240	2463	1	11335309	11335809	11335909	11336309	11337109	11337977	11337979
20	18	-156	156	4	4	1	2	800	0	-0.250	0	500	600	1000	1800	1194	2235	-1	11338393	11338893	11338993	11339393	11340193	11340835	11340837
20	19	-156	156	5	4	2	2	800	0	-0.250	0	500	600	1000	1800	1173	2305	1	11341235	11341735	11341835	11342235	11343035	11343752	11343754
20	22	0	-220	7	7	1	2	800	0	-0.250	0	500	600	1000	1800	1184	2307	1	11349185	11349685	11349785	11350185	11350985	11351702	11351704
20	23	0	-220	6	7	3	2	800	0	-0.250	0	500	600	1000	1800	1205	2118	-1	11352110	11352610	11352710	11353110	11353910	11354435	11354437
20	24	-156	-156	3	6	2	2	800	0	-0.250	0	500	600	1000	1800	1177	2289	1	11354836	11355336	11355435	11355836	11356636	11357336	11357338
20	25	0	-220	6	7	3	2	800	0	-0.250	0	500	600	1000	1800	1176	2220	-1	11357752	11358252	11358352	11358752	11359552	11360178	11360180
20	26	-220	0	1	5	3	2	800	0	0.250	0	500	600	1000	1800	1250	2291	1	11360578	11361078	11361178	11361578	11362378	11363078	11363081
20	27	-156	156	1	4	3	2	800	0	0.250	0	500	600	1000	1800	1221	2511	-1	11363486	11363986	11364086	11364486	11365286	11366204	11366206
20	28	156	-156	5	8	3	2	800	0	0.250	0	500	600	1000	1800	1171	2378	1	11366612	11367112	11367211	11367612	11368412	11369195	11369197
20	29	-156	-156	5	6	3	2	800	0	-0.250	0	500	600	1000	1800	1200	2138	-1	11369603	11370103	11370203	11370603	11371404	11371946	11371947
20	31	156	-156	8	8	1	2	800	0	0.250	0	500	600	1000	1800	1172	2732	1	11374537	11375037	11375137	11375537	11376337	11377479	11377481
21	1	-156	156	1	4	2	7	800	0	-0.250	0	500	600	1000	1800	1192	2301	1	11388305	11388805	11388905	11389305	11390105	11390814	11390816
21	2	0	220	6	3	2	7	800	0	0.250	0	500	600	1000	1800	1199	2249	-1	11391222	11391722	11391822	11392222	11393022	11393680	11393682
21	3	156	-156	4	8	2	7	800	0	-0.250	0	500	600	1000	1800	1175	2470	1	11394080	11394580	11394680	11395080	11395880	11396756	11396758
21	4	0	220	3	3	1	7	800	0	0.250	0	500	600	1000	1800	1211	2027	1	11397164	11397664	11397764	11398164	11398964	11399398	11399400
21	5	-156	-156	6	6	1	7	800	0	0.250	0	500	600	1000	1800	1199	2154	-1	11399789	11400289	11400389	11400789	11401589	11402148	11402150
21	6	156	156	3	2	2	7	800	0	0.250	0	500	600	1000	1800	1195	2467	-1	11402548	11403048	11403147	11403548	11404348	11405223	11405226
21	7	220	0	5	1	2	7	800	0	-0.250	0	500	600	1000	1800	1183	1961	1	11405615	11406115	11406214	11406615	11407415	11407782	11407784
21	8	0	-220	7	7	1	7	800	0	-0.250	0	500	600	1000	1800	1184	2273	1	11408390	11408890	11408990	11409390	11410190	11410874	11410876
21	9	-220	0	1	5	2	7	800	0	0.250	0	500	600	1000	1800	1196	2422	-1	11411273	11411773	11411873	11412273	11413073	11413907	11413909
21	10	156	-156	7	8	2	7	800	0	0.250	0	500	600	1000	1800	1159	2333	-1	11414307	11414807	11414907	11415307	11416107	11416849	11416851
21	11	0	-220	2	7	2	7	800	0	-0.250	0	500	600	1000	1800	1173	2383	-1	11417249	11417749	11417849	11418249	11419049	11419841	11419844
21	12	156	156	8	2	3	7	800	0	0.250	0	500	600	1000	1800	1170	2367	1	11420241	11420741	11420841	11421241	11422041	11422816	11422818
21	13	0	-220	2	7	2	7	800	0	-0.250	0	500	600	1000	1800	1166	2368	-1	11423208	11423708	11423807	11424208	11425008	11425783	11425784
21	14	-156	156	3	4	3	7	800	0	0.250	0	500	600	1000	1800	1197	3250	-1	11426174	11426674	11426774	11427174	11427974	11429633	11429635
21	15	220	0	6	1	2	7	800	0	0.250	0	500	600	1000	1800	1168	2496	1	11430025	11430525	11430625	11431025	11431825	11432725	11432728
21	16	-220	0	2	5	2	7	800	0	-0.250	0	500	600	1000	1800	1247	2666	1	11433158	11433658	11433758	11434158	11434959	11436034	11436036
21	17	220	0	6	1	2	7	800	0	0.250	0	500	600	1000	1800	1167	2511	1	11436433	11436934	11437033	11437434	11438234	11439151	11439153
21	18	0	220	4	3	3	7	800	0	0.250	0	500	600	1000	1800	1222	2690	1	11439550	11440050	11440150	11440550	11441350	11442451	11442453
21	19	-220	0	1	5	2	7	800	0	-0.250	0	500	600	1000	1800	1229	2430	-1	11442851	11443351	11443451	11443851	11444651	11445493	11445494
21	20	156	-156	2	8	2	7	800	0	-0.250	0	500	600	1000	1800	1176	2381	-1	11445893	11446393	11446492	11446893	11447693	11448485	11448487
21	21	220	0	2	1	2	7	800	0	-0.250	0	500	600	1000	1800	1207	2357	1	11448884	11449385	11449484	11449885	11450685	11451452	11451454
21	22	0	220	6	3	2	7	800	0	-0.250	0	500	600	1000	1800	1185	2638	1	11451860	11452360	11452460	11452860	11453660	11454702	11454703
21	23	220	0	2	1	2	7	800	0	0.250	0	500	600	1000	1800	1202	2339	-1	11455118	11455618	11455718	11456118	11456919	11457669	11457671
21	24	-220	0	1	5	2	7	800	0	-0.250	0	500	600	1000	1800	1222	2133	1	11458068	11458568	11458669	11459068	11459868	11460411	11460413
